Motif	Counts	avgRef	topRef	OvE	p-value
QAIT	19	0.04	2	395.833	0.001
SIYS	4	0.06	2	58.823	0.001
EDFY	5	0.03	1	138.888	0.001
IRS	13	0.82	6	15.795	0.001
WSGG	18	0.49	3	36.363	0.001
LTDP	6	0.04	1	130.434	0.001
TDPY	5	0.09	2	53.191	0.001
SPQR	5	0.49	4	10.02	0.001
SMR	9	0.87	6	10.344	0.001
ARDT	12	1.05	5	11.32	0.001
TTSY	5	0.48	3	10.266	0.001
YQTG	4	0.09	2	43.01	0.001
RGAV	7	0.54	4	12.891	0.001
STTS	9	0.6	4	14.975	0.001
ENN	9	0.64	4	13.953	0.001
ITE	22	1.54	6	14.211	0.001
TENN	8	0.04	2	186.046	0.001
RGQA	19	0.8	5	23.749	0.001
SYQT	4	0.1	2	38.095	0.001
SPLI	4	0.08	2	48.78	0.001
RSAY	6	0.16	2	35.928	0.001
AIT	22	0.67	5	32.544	0.001
RTEN	7	0.44	3	15.695	0.001
FRGG	8	0.69	4	11.444	0.001
GAVE	9	0.83	5	10.843	0.001
PRRA	6	0.2	3	29.268	0.001
GGAR	17	1.35	6	12.536	0.001
TRSS	4	0.37	3	10.554	0.001
FGNQ	4	0.29	3	13.651	0.001
DFRG	6	0.27	3	22.222	0.001
GARD	14	0.65	5	21.439	0.001
EDF	5	0.16	3	29.585	0.001
GRRD	5	0.43	4	11.467	0.001
MGRG	9	0.38	4	23.376	0.001
QSP	33	1.28	6	25.761	0.001
GQAI	18	0.3	3	59.016	0.001
QSPG	29	0.26	3	107.806	0.001
SMRS	6	0.12	2	48.387	0.001
PGGT	20	1.85	8	10.804	0.001
RPRR	6	0.13	3	43.165	0.001
SIRS	12	0.15	2	76.923	0.001
ITEK	17	0.02	1	849.999	0.001
SWSG	17	0.55	4	30.575	0.001
SLTD	8	0.68	5	11.764	0.001
SQSP	28	0.62	4	44.799	0.001
QDFR	6	0.11	2	52.173	0.001
MRS	6	0.42	4	14.15	0.001
YGY	6	0.37	4	15.831	0.001
DFYN	5	0.15	2	32.679	0.001
VAPG	5	0.19	3	25.51	0.001
AITE	18	0.16	2	107.784	0.001
FRTE	7	0.27	3	25.27	0.001
QAI	19	0.69	4	27.417	0.001
EGFR	6	0.17	3	34.682	0.001
ENNQ	7	0.05	1	132.075	0.001
STRS	9	0.21	2	42.452	0.001
LMGR	10	0.11	2	90.909	0.001
PTSS	5	0.3	4	16.501	0.001
GFRT	8	0.22	2	34.934	0.001
TSST	7	0.52	4	13.409	0.001
TEK	19	1.04	5	18.251	0.001
