Motif	Counts	avgRef	topRef	OvE	p-value
WSGG	18	0.91	4	19.65	0.001
SWSG	17	1.01	5	16.781	0.001
DFRG	6	0.47	3	12.765	0.001
ITEK	17	0.05	2	298.245	0.001
RSAY	6	0.28	3	20.905	0.001
QSPG	29	0.43	3	66.513	0.001
VAPG	5	0.42	3	11.876	0.001
SSSQ	4	0.2	2	19.417	0.001
ENNQ	7	0.09	2	76.086	0.001
SMRS	6	0.2	3	28.708	0.001
PGLL	7	0.63	4	11.075	0.001
AITE	18	0.33	3	54.545	0.001
AFNE	5	0.48	3	10.309	0.001
LMGR	10	0.18	3	53.191	0.001
AQGY	4	0.27	3	14.76	0.001
FRTE	7	0.48	4	14.462	0.001
SIYS	4	0.11	2	36.036	0.001
QAI	19	1.32	7	14.285	0.001
MGRG	10	0.69	5	14.367	0.001
SPLI	5	0.14	2	33.783	0.001
EGFR	6	0.28	2	20.979	0.001
SQSP	28	1.16	6	24.013	0.001
QSP	33	2.27	9	14.48	0.001
QAIT	19	0.07	1	240.506	0.001
PRRA	6	0.38	3	15.544	0.001
STRS	9	0.42	3	21.377	0.001
EDFY	5	0.07	1	70.422	0.001
QDFR	7	0.22	2	31.249	0.001
GARD	14	1.12	5	12.422	0.001
RPRR	6	0.24	2	24.193	0.001
GQAI	18	0.6	4	29.95	0.001
EDF	5	0.35	3	14.164	0.001
EEFN	3	0.02	1	130.434	0.001
SIRS	12	0.27	3	43.636	0.001
TDPY	7	0.19	3	35.175	0.001
DFYN	6	0.28	3	20.833	0.001
GFRT	8	0.42	4	19.047	0.001
TENN	8	0.07	2	102.564	0.001
RGQA	19	1.43	6	13.203	0.001
ISGY	5	0.08	2	62.499	0.001
RSAD	4	0.32	3	12.422	0.001
LTDP	6	0.08	2	74.999	0.001
AIT	22	1.27	5	17.214	0.001
