Motif	Counts	avgRef	topRef	OvE	p-value
SPLI	4	0.05	2	67.796	0.001
YGY	6	0.39	4	15.189	0.001
PRRA	6	0.22	4	26.666	0.001
ARDT	12	1.01	5	11.811	0.001
GQAI	18	0.28	3	62.283	0.001
SIYS	4	0.05	2	75.471	0.001
SLTD	8	0.72	5	11.004	0.001
GFRT	8	0.17	3	46.242	0.001
WSGG	18	0.5	5	35.928	0.001
PTSS	5	0.3	3	16.556	0.001
EGFR	6	0.13	2	43.795	0.001
TDPY	5	0.09	2	52.083	0.001
ITEK	17	0.02	1	679.999	0.001
QSPG	29	0.26	2	111.538	0.001
STRS	9	0.21	3	42.056	0.001
MRS	6	0.41	3	14.563	0.001
TENN	8	0.04	1	199.999	0.001
QDFR	6	0.1	2	55.555	0.001
YQT	4	0.37	3	10.554	0.001
IRS	13	0.8	4	16.089	0.001
SMRS	6	0.11	2	54.545	0.001
FRGG	8	0.67	7	11.799	0.001
RTEN	7	0.38	3	18.134	0.001
RPRR	6	0.15	3	39.473	0.001
SPQR	5	0.45	4	10.94	0.001
RGAV	7	0.5	4	13.999	0.001
FRTE	7	0.26	3	26.515	0.001
YQTG	4	0.1	2	38.461	0.001
QSP	33	1.26	7	26.128	0.001
SIRS	12	0.12	2	93.749	0.001
SWSG	17	0.5	4	33.663	0.001
ENN	9	0.65	5	13.719	0.001
VAPG	5	0.24	3	20.408	0.001
TRSS	4	0.39	3	10.075	0.001
RSAY	6	0.14	2	40.268	0.001
LMGR	10	0.11	2	90.909	0.001
ENNQ	7	0.04	2	148.936	0.001
EDFY	5	0.03	1	151.515	0.001
GNLI	3	0.02	1	130.434	0.001
DFYN	5	0.17	2	29.069	0.001
QAIT	19	0.03	1	513.513	0.001
TEK	19	0.99	5	19.114	0.001
SVRS	4	0.23	2	16.806	0.001
AITE	18	0.18	2	96.256	0.001
QAI	19	0.69	5	27.417	0.001
SYQT	4	0.11	2	35.714	0.001
SQSP	28	0.61	5	45.901	0.001
GAVE	9	0.82	5	10.922	0.001
EDF	5	0.19	3	26.041	0.001
TTSY	5	0.47	4	10.438	0.001
RGQA	19	0.81	5	23.199	0.001
ITE	22	1.62	7	13.496	0.001
SMR	9	0.79	4	11.264	0.001
LTDP	6	0.03	2	176.47	0.001
GGAR	17	1.32	6	12.859	0.001
AIT	22	0.65	4	33.794	0.001
PGGT	20	1.86	7	10.735	0.001
MGRG	9	0.37	3	23.809	0.001
PGLL	4	0.35	3	11.204	0.001
PLI	4	0.36	3	11.049	0.001
TSST	7	0.55	4	12.612	0.001
GARD	14	0.66	4	20.958	0.001
STTS	9	0.64	3	14.018	0.001
DFRG	6	0.24	3	24.59	0.001
