Motif	Counts	avgRef	topRef	OvE	p-value
AIT	22	0.62	5	35.031	0.001
MRS	4	0.39	3	10.075	0.001
GAVE	9	0.75	5	11.936	0.001
FRGG	8	0.57	5	13.816	0.001
SWSG	17	0.48	4	34.764	0.001
GRRD	5	0.37	4	13.404	0.001
PTSS	5	0.26	3	19.23	0.001
TENN	8	0.03	1	258.064	0.001
SPQR	5	0.4	3	12.285	0.001
ARDT	12	0.97	5	12.358	0.001
WSGG	18	0.42	3	42.352	0.001
QAI	19	0.62	4	30.546	0.001
SMRS	4	0.13	2	30.769	0.001
RGAV	7	0.46	4	15.086	0.001
GLLS	4	0.37	3	10.582	0.001
DFYN	5	0.14	3	33.783	0.001
GNLI	3	0.02	1	111.111	0.001
QAIT	19	0.03	1	527.777	0.001
SLTD	8	0.58	4	13.722	0.001
ENNQ	7	0.05	2	127.272	0.001
EDF	5	0.16	2	29.94	0.001
TDPY	5	0.09	2	54.347	0.001
EGFR	6	0.14	2	41.379	0.001
SIRS	6	0.12	2	47.619	0.001
RPRR	6	0.11	2	50.42	0.001
SPLI	4	0.09	2	42.105	0.001
RGQA	19	0.71	5	26.425	0.001
SQSP	28	0.57	5	48.78	0.001
QSPG	29	0.21	3	136.792	0.001
LTDP	6	0.03	1	171.428	0.001
QDFR	6	0.11	2	51.282	0.001
DFY	6	0.59	5	10.016	0.001
GFRT	8	0.2	3	39.8	0.001
AITE	18	0.16	3	109.756	0.001
VAPG	5	0.17	3	28.571	0.001
DFRG	6	0.22	3	26.785	0.001
QSP	33	1.11	6	29.649	0.001
RTEN	7	0.32	3	21.671	0.001
SSTT	5	0.41	3	12.019	0.001
FRTE	7	0.21	3	31.963	0.001
ITEK	17	0.02	1	809.523	0.001
TEK	19	0.89	5	21.324	0.001
EDFY	5	0.03	1	128.205	0.001
STRS	4	0.19	2	20.1	0.001
PGGT	20	1.65	8	12.099	0.001
LMGR	10	0.09	2	107.526	0.001
MGRG	9	0.33	3	26.548	0.001
GQAI	18	0.27	2	65.693	0.001
STTS	8	0.56	4	14.285	0.001
GGAR	16	1.25	6	12.749	0.001
RSAY	4	0.13	2	30.075	0.001
GARD	13	0.62	4	20.967	0.001
TSST	7	0.51	6	13.698	0.001
ENN	9	0.57	5	15.544	0.001
APGE	6	0.57	5	10.38	0.001
PRRA	6	0.17	2	34.285	0.001
ITE	22	1.37	6	16.011	0.001
