Motif	Counts	avgRef	topRef	OvE	p-value
QAIT	19	0.03	2	593.749	0.001
ISGY	3	0.02	1	107.142	0.001
YQT	4	0.37	3	10.695	0.001
TTSY	5	0.49	3	10.162	0.001
PLI	4	0.39	3	10.152	0.001
RGAV	7	0.46	4	15.118	0.001
PTSS	5	0.27	3	18.45	0.001
ENN	9	0.67	4	13.274	0.001
GNLI	3	0.02	1	119.999	0.001
YQTG	4	0.1	2	36.697	0.001
FRGG	8	0.67	4	11.869	0.001
TEK	19	1.05	6	17.924	0.001
PGLL	4	0.37	3	10.61	0.001
VAPG	5	0.23	2	21.367	0.001
SVRS	4	0.21	2	18.264	0.001
EGFR	6	0.15	3	37.974	0.001
SWSG	17	0.57	4	29.772	0.001
QSPG	29	0.23	2	123.931	0.001
GGAR	17	1.36	6	12.408	0.001
GLLS	4	0.37	3	10.723	0.001
AITE	18	0.2	2	87.378	0.001
QAI	19	0.68	4	27.576	0.001
SLTD	8	0.67	6	11.887	0.001
EDFY	5	0.04	2	121.951	0.001
MGRG	9	0.39	4	22.842	0.001
RSAY	6	0.17	2	33.519	0.001
DFRG	6	0.27	3	22.14	0.001
EDF	5	0.18	3	27.322	0.001
SMRS	6	0.13	2	43.795	0.001
RGQA	19	0.82	5	23.17	0.001
SQSP	28	0.67	4	41.791	0.001
MRS	6	0.44	3	13.452	0.001
ARDT	12	1.02	4	11.718	0.001
DFYN	5	0.18	2	27.624	0.001
SPQR	5	0.47	4	10.46	0.001
SYQT	4	0.12	2	33.333	0.001
ITE	22	1.63	7	13.455	0.001
AIT	22	0.65	4	33.639	0.001
TENN	8	0.03	1	210.526	0.001
GAVE	9	0.82	5	10.975	0.001
IRS	13	0.82	4	15.815	0.001
SIYS	4	0.06	1	61.538	0.001
TDPY	5	0.09	2	52.083	0.001
ITEK	17	0.02	1	586.206	0.001
PGGT	20	1.8	8	11.092	0.001
PRRA	6	0.22	3	26.785	0.001
GRRD	5	0.47	4	10.504	0.001
SIRS	12	0.13	3	92.307	0.001
STTS	9	0.63	5	14.285	0.001
RTEN	7	0.4	4	17.114	0.001
STRS	9	0.22	3	40.723	0.001
ENNQ	7	0.05	1	137.254	0.001
QSP	33	1.24	5	26.4	0.001
LMGR	10	0.1	3	97.087	0.001
WSGG	18	0.51	4	35.087	0.001
TSST	7	0.52	5	13.232	0.001
SPLI	4	0.07	2	51.282	0.001
GARD	14	0.62	4	22.328	0.001
GFRT	8	0.24	3	32.128	0.001
RPRR	6	0.13	2	45.112	0.001
GQAI	18	0.27	3	66.666	0.001
FRTE	7	0.26	3	26.315	0.001
YGY	6	0.36	3	16.438	0.001
QDFR	6	0.11	2	50.42	0.001
SMR	9	0.87	5	10.344	0.001
LTDP	6	0.04	2	127.659	0.001
